   1.9591250e+03   8.8884483e-01   1.8535392e-01   2.6029179e-01   2.0910603e-01
   1.9593750e+03   9.1017693e-01   1.9306901e-01   2.6151054e-01   2.1472028e-01
   1.9596250e+03   9.0549674e-01   1.8529603e-01   2.5989747e-01   2.1878589e-01
   1.9598750e+03   9.0667746e-01   1.8405203e-01   2.5832464e-01   2.1908556e-01
   1.9601250e+03   9.1982285e-01   1.9535900e-01   2.5664578e-01   2.1397083e-01
   1.9603750e+03   9.1269398e-01   1.8362395e-01   2.6056796e-01   2.1808332e-01
   1.9606250e+03   9.1164082e-01   1.8456516e-01   2.6241832e-01   2.2144341e-01
   1.9608750e+03   8.9691943e-01   1.7047989e-01   2.6054318e-01   2.2558464e-01
   1.9611250e+03   8.9920760e-01   1.7435861e-01   2.5903639e-01   2.2222709e-01
   1.9613750e+03   9.1370058e-01   1.7878569e-01   2.5483666e-01   2.2524838e-01
   1.9616250e+03   9.2630441e-01   1.8922355e-01   2.5560361e-01   2.2502900e-01
   1.9618750e+03   9.4395095e-01   1.9467091e-01   2.5895811e-01   2.2804754e-01
   1.9621250e+03   9.5978372e-01   2.0186685e-01   2.5996522e-01   2.3156080e-01
   1.9623750e+03   9.6734110e-01   2.0014472e-01   2.6033271e-01   2.3643266e-01
   1.9626250e+03   9.7144009e-01   2.0268139e-01   2.5979693e-01   2.3780594e-01
   1.9628750e+03   9.6826602e-01   1.9887696e-01   2.5754006e-01   2.3612771e-01
   1.9631250e+03   9.7654201e-01   2.0384339e-01   2.5645036e-01   2.3657944e-01
   1.9633750e+03   9.8397428e-01   2.0486709e-01   2.5664825e-01   2.3909355e-01
   1.9636250e+03   9.9862031e-01   2.1144765e-01   2.5618157e-01   2.4352146e-01
   1.9638750e+03   1.0022440e+00   2.1103617e-01   2.5833384e-01   2.4434105e-01
   1.9641250e+03   1.0209593e+00   2.1694465e-01   2.5713585e-01   2.4631266e-01
   1.9643750e+03   1.0287422e+00   2.1696567e-01   2.5810960e-01   2.4686069e-01
   1.9646250e+03   1.0386231e+00   2.2063588e-01   2.5703514e-01   2.4431889e-01
   1.9648750e+03   1.0367207e+00   2.1938211e-01   2.5626793e-01   2.4201591e-01
   1.9651250e+03   1.0578160e+00   2.3392796e-01   2.6021068e-01   2.3904649e-01
   1.9653750e+03   1.0692780e+00   2.3364300e-01   2.6162511e-01   2.4314671e-01
   1.9656250e+03   1.0892522e+00   2.4189617e-01   2.6178175e-01   2.4730852e-01
   1.9658750e+03   1.1121683e+00   2.4373642e-01   2.6285458e-01   2.5435458e-01
   1.9661250e+03   1.1384970e+00   2.6000879e-01   2.6337868e-01   2.5342659e-01
   1.9663750e+03   1.1373833e+00   2.5244217e-01   2.6419785e-01   2.6171976e-01
   1.9666250e+03   1.1407011e+00   2.5436295e-01   2.6618458e-01   2.6160885e-01
   1.9668750e+03   1.1453042e+00   2.5586160e-01   2.6451902e-01   2.6453803e-01
   1.9671250e+03   1.1522637e+00   2.5178582e-01   2.6218019e-01   2.7615959e-01
   1.9673750e+03   1.1471666e+00   2.4463850e-01   2.5887900e-01   2.7632338e-01
   1.9676250e+03   1.1490807e+00   2.4771986e-01   2.6099657e-01   2.7552107e-01
   1.9678750e+03   1.1519401e+00   2.4928081e-01   2.6152746e-01   2.7542241e-01
   1.9681250e+03   1.1702905e+00   2.5344070e-01   2.6132380e-01   2.8003933e-01
   1.9683750e+03   1.1857737e+00   2.6009196e-01   2.6059097e-01   2.7967908e-01
   1.9686250e+03   1.1880081e+00   2.5601800e-01   2.6054605e-01   2.7869283e-01
   1.9688750e+03   1.1871630e+00   2.5458013e-01   2.6089300e-01   2.7965109e-01
   1.9691250e+03   1.2005155e+00   2.6543280e-01   2.6268631e-01   2.7742429e-01
   1.9693750e+03   1.1990937e+00   2.5934255e-01   2.6037464e-01   2.7741923e-01
   1.9696250e+03   1.2008012e+00   2.6144466e-01   2.6053658e-01   2.7668642e-01
   1.9698750e+03   1.1890244e+00   2.4728916e-01   2.6001739e-01   2.7862554e-01
   1.9701250e+03   1.1820201e+00   2.4213389e-01   2.5780361e-01   2.7425663e-01
   1.9703750e+03   1.1788451e+00   2.4075656e-01   2.5599878e-01   2.7114245e-01
   1.9706250e+03   1.1838949e+00   2.4296648e-01   2.5170256e-01   2.7052196e-01
   1.9708750e+03   1.1650152e+00   2.2941203e-01   2.5017105e-01   2.6898136e-01
   1.9711250e+03   1.1911052e+00   2.4721533e-01   2.4929082e-01   2.6869921e-01
   1.9713750e+03   1.1929278e+00   2.5133051e-01   2.4747593e-01   2.6182471e-01
   1.9716250e+03   1.1962012e+00   2.5368773e-01   2.4671728e-01   2.6061075e-01
   1.9718750e+03   1.1937425e+00   2.4851962e-01   2.4892862e-01   2.5977166e-01
   1.9721250e+03   1.2018094e+00   2.5657539e-01   2.4915255e-01   2.5448117e-01
   1.9723750e+03   1.2244334e+00   2.6690370e-01   2.4926272e-01   2.5615767e-01
   1.9726250e+03   1.2303276e+00   2.6742879e-01   2.4925572e-01   2.5277792e-01
   1.9728750e+03   1.2454709e+00   2.7254510e-01   2.4897277e-01   2.4979297e-01
   1.9731250e+03   1.2715930e+00   2.8840286e-01   2.5043070e-01   2.4923693e-01
   1.9733750e+03   1.2814759e+00   2.9314681e-01   2.5274495e-01   2.5359721e-01
   1.9736250e+03   1.2678296e+00   2.8215311e-01   2.5274318e-01   2.5279106e-01
   1.9738750e+03   1.2754505e+00   2.8701941e-01   2.5280963e-01   2.5543380e-01
   1.9741250e+03   1.2594545e+00   2.7376632e-01   2.5115061e-01   2.6204834e-01
   1.9743750e+03   1.2568475e+00   2.7394226e-01   2.4965156e-01   2.5958050e-01
   1.9746250e+03   1.2384338e+00   2.6252274e-01   2.4890647e-01   2.5794627e-01
   1.9748750e+03   1.2295450e+00   2.5610330e-01   2.4693137e-01   2.6138963e-01
   1.9751250e+03   1.2104711e+00   2.2955912e-01   2.3904375e-01   2.7013728e-01
   1.9753750e+03   1.2138016e+00   2.2169147e-01   2.3838799e-01   2.7488150e-01
   1.9756250e+03   1.2281954e+00   2.3829374e-01   2.3746876e-01   2.6778894e-01
   1.9758750e+03   1.2396603e+00   2.4501253e-01   2.3939695e-01   2.6657290e-01
   1.9761250e+03   1.2622929e+00   2.6278785e-01   2.4114428e-01   2.5965472e-01
   1.9763750e+03   1.2661339e+00   2.6560426e-01   2.4141513e-01   2.5694715e-01
   1.9766250e+03   1.2667377e+00   2.6486490e-01   2.4242994e-01   2.5373906e-01
   1.9768750e+03   1.2701843e+00   2.6469186e-01   2.4316632e-01   2.5209635e-01
   1.9771250e+03   1.2813119e+00   2.7559276e-01   2.4488913e-01   2.4754753e-01
   1.9773750e+03   1.3020073e+00   2.8966536e-01   2.4666933e-01   2.4971106e-01
   1.9776250e+03   1.3200201e+00   2.9802673e-01   2.4818167e-01   2.5236087e-01
   1.9778750e+03   1.3139584e+00   2.9208447e-01   2.4867771e-01   2.4844707e-01
   1.9781250e+03   1.3135921e+00   2.9194548e-01   2.4966098e-01   2.4459720e-01
   1.9783750e+03   1.3607591e+00   3.1397303e-01   2.5565467e-01   2.5225340e-01
   1.9786250e+03   1.3694308e+00   3.1881466e-01   2.5557262e-01   2.5170752e-01
   1.9788750e+03   1.3816386e+00   3.2367496e-01   2.5604838e-01   2.5364778e-01
   1.9791250e+03   1.3791058e+00   3.1858491e-01   2.5626539e-01   2.5454334e-01
   1.9793750e+03   1.3762982e+00   3.1729078e-01   2.5640629e-01   2.5380598e-01
   1.9796250e+03   1.3814377e+00   3.1692578e-01   2.5782295e-01   2.5361453e-01
   1.9798750e+03   1.3788575e+00   3.0966693e-01   2.5738559e-01   2.5772229e-01
   1.9801250e+03   1.3775209e+00   3.0762116e-01   2.5317321e-01   2.6192448e-01
   1.9803750e+03   1.3416732e+00   2.7927397e-01   2.4903270e-01   2.7307335e-01
   1.9806250e+03   1.3327784e+00   2.6599084e-01   2.4839001e-01   2.7606541e-01
   1.9808750e+03   1.3539942e+00   2.8412487e-01   2.5026995e-01   2.6954448e-01
   1.9811250e+03   1.3715094e+00   3.0378854e-01   2.5109125e-01   2.6914268e-01
   1.9813750e+03   1.3564677e+00   2.8930809e-01   2.4973502e-01   2.7175522e-01
   1.9816250e+03   1.3707919e+00   3.0121680e-01   2.4946439e-01   2.7038482e-01
   1.9818750e+03   1.3503230e+00   2.8866636e-01   2.4694022e-01   2.6934869e-01
   1.9821250e+03   1.3260914e+00   2.6921002e-01   2.4365384e-01   2.6904048e-01
   1.9823750e+03   1.3309833e+00   2.7003413e-01   2.4315214e-01   2.7009495e-01
   1.9826250e+03   1.3224705e+00   2.6740751e-01   2.4141159e-01   2.6488032e-01
   1.9828750e+03   1.3197015e+00   2.5698385e-01   2.3963927e-01   2.6725107e-01
   1.9831250e+03   1.3327419e+00   2.6234332e-01   2.3977395e-01   2.6838846e-01
   1.9833750e+03   1.3586100e+00   2.8233353e-01   2.4265013e-01   2.6347791e-01
   1.9836250e+03   1.3826932e+00   2.9765208e-01   2.4714302e-01   2.6013842e-01
   1.9838750e+03   1.4077039e+00   3.2008255e-01   2.5077431e-01   2.4956896e-01
   1.9841250e+03   1.4297093e+00   3.4430168e-01   2.5123331e-01   2.4327388e-01
   1.9843750e+03   1.4520646e+00   3.5400905e-01   2.5671595e-01   2.4570378e-01
   1.9846250e+03   1.4632483e+00   3.5909895e-01   2.5655748e-01   2.4573652e-01
   1.9848750e+03   1.4710691e+00   3.6002621e-01   2.5721337e-01   2.4705331e-01
   1.9851250e+03   1.4830050e+00   3.5532064e-01   2.5901261e-01   2.5285974e-01
   1.9853750e+03   1.4927463e+00   3.6253668e-01   2.5975287e-01   2.5016972e-01
   1.9856250e+03   1.5129860e+00   3.6741901e-01   2.5991283e-01   2.5605342e-01
   1.9858750e+03   1.5221528e+00   3.7108276e-01   2.6217347e-01   2.5595856e-01
   1.9861250e+03   1.5298785e+00   3.7157287e-01   2.6284481e-01   2.6036726e-01
   1.9863750e+03   1.5330060e+00   3.7054244e-01   2.6320008e-01   2.6124776e-01
   1.9866250e+03   1.5437871e+00   3.7459634e-01   2.6417574e-01   2.6338510e-01
   1.9868750e+03   1.5477463e+00   3.7078806e-01   2.6543769e-01   2.6483940e-01
   1.9871250e+03   1.5535175e+00   3.7026707e-01   2.6656050e-01   2.6509324e-01
   1.9873750e+03   1.5663992e+00   3.7526865e-01   2.6790945e-01   2.6566913e-01
   1.9876250e+03   1.5764206e+00   3.7996519e-01   2.6980024e-01   2.6582321e-01
   1.9878750e+03   1.6020197e+00   3.9265045e-01   2.7104573e-01   2.7155791e-01
   1.9881250e+03   1.6053316e+00   3.8166130e-01   2.7216213e-01   2.7750000e-01
   1.9883750e+03   1.6228039e+00   3.8758922e-01   2.7421849e-01   2.8106499e-01
   1.9886250e+03   1.6289417e+00   3.8675685e-01   2.7438071e-01   2.7919108e-01
   1.9888750e+03   1.6488020e+00   3.9294514e-01   2.7601600e-01   2.8415974e-01
   1.9891250e+03   1.6619102e+00   4.0003736e-01   2.7656168e-01   2.8495882e-01
   1.9893750e+03   1.6707918e+00   3.9902625e-01   2.7738702e-01   2.9250501e-01
   1.9896250e+03   1.6798043e+00   3.9972511e-01   2.7788704e-01   2.9489373e-01
   1.9898750e+03   1.6832084e+00   3.9339535e-01   2.7813049e-01   2.9656460e-01
   1.9901250e+03   1.6858107e+00   3.9930974e-01   2.7663333e-01   2.9937167e-01
   1.9903750e+03   1.6893640e+00   3.9523813e-01   2.7501742e-01   2.9965264e-01
   1.9906250e+03   1.6860472e+00   3.8806477e-01   2.7580468e-01   3.0043307e-01
   1.9908750e+03   1.6685886e+00   3.7135056e-01   2.7281082e-01   3.0845989e-01
   1.9911250e+03   1.6557005e+00   3.5766530e-01   2.7063472e-01   3.1480928e-01
   1.9913750e+03   1.6635643e+00   3.5787524e-01   2.7018856e-01   3.1534366e-01
   1.9916250e+03   1.6674015e+00   3.6355449e-01   2.6918220e-01   3.1244931e-01
   1.9918750e+03   1.6703229e+00   3.6850439e-01   2.6938641e-01   3.1179683e-01
   1.9921250e+03   1.6856129e+00   3.6894106e-01   2.6912557e-01   3.1359958e-01
   1.9923750e+03   1.6995143e+00   3.8156451e-01   2.6870634e-01   3.0995893e-01
   1.9926250e+03   1.7129662e+00   3.8430210e-01   2.6863111e-01   3.1349411e-01
   1.9928750e+03   1.7277870e+00   3.9161654e-01   2.6882342e-01   3.1197597e-01
   1.9931250e+03   1.7263888e+00   3.9575283e-01   2.6981325e-01   3.0512157e-01
   1.9933750e+03   1.7311306e+00   4.0121093e-01   2.7189008e-01   3.0050423e-01
   1.9936250e+03   1.7353564e+00   4.0045910e-01   2.7256046e-01   2.9731089e-01
   1.9938750e+03   1.7522650e+00   4.1457036e-01   2.7467860e-01   2.9648267e-01
   1.9941250e+03   1.7646006e+00   4.2373693e-01   2.7470319e-01   2.9215425e-01
   1.9943750e+03   1.7820220e+00   4.3967445e-01   2.7784005e-01   2.8948503e-01
   1.9946250e+03   1.7866187e+00   4.3731756e-01   2.7857199e-01   2.9298312e-01
   1.9948750e+03   1.8019918e+00   4.5113536e-01   2.7924156e-01   2.8921293e-01
   1.9951250e+03   1.8052532e+00   4.5187934e-01   2.7956718e-01   2.8863651e-01
   1.9953750e+03   1.8066721e+00   4.4609252e-01   2.7863783e-01   2.8851973e-01
   1.9956250e+03   1.8173022e+00   4.4455962e-01   2.8086440e-01   2.9558085e-01
   1.9958750e+03   1.8264463e+00   4.5315776e-01   2.7961089e-01   2.9162488e-01
   1.9961250e+03   1.8358976e+00   4.5844700e-01   2.8006312e-01   2.8858175e-01
   1.9963750e+03   1.8620653e+00   4.7773216e-01   2.8082767e-01   2.8849900e-01
   1.9966250e+03   1.8731801e+00   4.9178718e-01   2.8403283e-01   2.8087653e-01
   1.9968750e+03   1.8882589e+00   4.9219313e-01   2.8448636e-01   2.9184732e-01
   1.9971250e+03   1.8946096e+00   5.0067034e-01   2.8342702e-01   2.8480348e-01
   1.9973750e+03   1.9179691e+00   5.1924022e-01   2.8622204e-01   2.8668780e-01
   1.9976250e+03   1.9366628e+00   5.3015873e-01   2.8699325e-01   2.8259190e-01
   1.9978750e+03   1.9446416e+00   5.3586845e-01   2.8607919e-01   2.7885077e-01
   1.9981250e+03   1.9617984e+00   5.5218035e-01   2.8619339e-01   2.6836596e-01
   1.9983750e+03   1.9693808e+00   5.5502000e-01   2.8577273e-01   2.6248754e-01
   1.9986250e+03   1.9863106e+00   5.6858373e-01   2.8728834e-01   2.5746488e-01
   1.9988750e+03   2.0106112e+00   5.8373030e-01   2.8896913e-01   2.6121914e-01
   1.9991250e+03   2.0194834e+00   5.9108990e-01   2.8793918e-01   2.5322591e-01
   1.9993750e+03   2.0303993e+00   5.9942131e-01   2.8848554e-01   2.4532169e-01
   1.9996250e+03   2.0477652e+00   6.1081408e-01   2.8801801e-01   2.4432677e-01
   1.9998750e+03   2.0783606e+00   6.2606991e-01   2.9025764e-01   2.4746947e-01
   2.0001250e+03   2.0506265e+00   6.1943999e-01   2.8679989e-01   2.3228009e-01
   2.0003750e+03   2.0770584e+00   6.3700005e-01   2.8657930e-01   2.3179234e-01
   2.0006250e+03   2.0675406e+00   6.2726864e-01   2.8546816e-01   2.2453738e-01
   2.0008750e+03   2.0718582e+00   6.2333057e-01   2.8337357e-01   2.2486585e-01
   2.0011250e+03   2.0638390e+00   6.1242162e-01   2.8147915e-01   2.2755058e-01
   2.0013750e+03   2.0647619e+00   6.0757487e-01   2.8012574e-01   2.3265241e-01
   2.0016250e+03   2.0512097e+00   5.9344835e-01   2.7928311e-01   2.3130377e-01
   2.0018750e+03   2.0513153e+00   5.8817772e-01   2.7512273e-01   2.3158964e-01
   2.0021250e+03   2.0631716e+00   5.9680697e-01   2.7580290e-01   2.2716888e-01
   2.0023750e+03   2.0697616e+00   5.9823465e-01   2.7333626e-01   2.2727866e-01
   2.0026250e+03   2.0760694e+00   6.0658117e-01   2.7176180e-01   2.2543779e-01
   2.0028750e+03   2.0741819e+00   6.0265529e-01   2.7443927e-01   2.1937917e-01
   2.0031250e+03   2.0762463e+00   6.0001554e-01   2.7325555e-01   2.1931451e-01
   2.0033750e+03   2.0902481e+00   6.1102177e-01   2.7596561e-01   2.2190449e-01
   2.0036250e+03   2.1214986e+00   6.3522403e-01   2.7593295e-01   2.2376680e-01
   2.0038750e+03   2.1358353e+00   6.4650632e-01   2.7582121e-01   2.2055420e-01
   2.0041250e+03   2.1598741e+00   6.5923547e-01   2.7472721e-01   2.1751063e-01
   2.0043750e+03   2.1715365e+00   6.7517385e-01   2.7471979e-01   2.1135661e-01
   2.0046250e+03   2.1869859e+00   6.8232082e-01   2.7708722e-01   2.1250354e-01
