-0.023792856952837248
0.32855902915500473
0.4809431994301526
-1.5311518589570556
1.0233280863675518
0.011906427108673807
-0.0884842446673011
0.07129248321768386
0.019768833977004102
0.9924655841494768
-0.001494733022576797
0.023098681179326005
0.0550054639775283
0.03632105410572367
0.8616938106544136
0.15182342543585045
-0.04130556106495674
-0.02081438232538127
0.10617602131973043
0.8897200532939543
0.011572122668893067
0.001287497910386124
-0.010550211009620183
-0.000776964180567785
0.006425564202484307
0.002105818527112317
0.0062429925197707336
0.013115216092104727
0.013465558916332108
0.006041992414802217
