1980.250000
1980.500000
1980.750000
1981.000000
1981.250000
1981.500000
1981.750000
1982.000000
1982.250000
1982.500000
1982.750000
1983.000000
1983.250000
1983.500000
1983.750000
1984.000000
1984.250000
1984.500000
1984.750000
1985.000000
1985.250000
1985.500000
1985.750000
1986.000000
1986.250000
1986.500000
1986.750000
1987.000000
1987.250000
1987.500000
1987.750000
1988.000000
1988.250000
1988.500000
1988.750000
1989.000000
1989.250000
1989.500000
1989.750000
1990.000000
1990.250000
1990.500000
1990.750000
1991.000000
1991.250000
1991.500000
1991.750000
1992.000000
1992.250000
1992.500000
1992.750000
1993.000000
1993.250000
1993.500000
1993.750000
1994.000000
1994.250000
1994.500000
1994.750000
1995.000000
1995.250000
1995.500000
1995.750000
1996.000000
1996.250000
1996.500000
1996.750000
1997.000000
1997.250000
1997.500000
1997.750000
1998.000000
1998.250000
1998.500000
1998.750000
1999.000000
1999.250000
1999.500000
1999.750000
2000.000000
2000.250000
2000.500000
2000.750000
2001.000000
2001.250000
2001.500000
2001.750000
2002.000000
2002.250000
2002.500000
2002.750000
2003.000000
2003.250000
2003.500000
2003.750000
2004.000000
2004.250000
2004.500000
2004.750000
2005.000000
2005.250000
2005.500000
2005.750000
2006.000000
2006.250000
2006.500000
2006.750000
2007.000000
2007.250000
2007.500000
2007.750000
2008.000000
2008.250000
2008.500000
2008.750000
2009.000000
2009.250000
2009.500000
2009.750000
2010.000000
2010.250000
2010.500000
2010.750000
2011.000000
2011.250000
2011.500000
2011.750000
2012.000000
2012.250000
2012.500000
2012.750000
2013.000000
2013.250000
2013.500000
2013.750000
2014.000000
2014.250000
2014.500000
2014.750000
2015.000000
1.087558
1.085240
1.086850
1.100821
1.101118
1.110251
1.124493
1.110424
1.091685
1.094372
1.082340
1.061475
1.048532
1.042541
1.070281
1.080479
1.100512
1.107222
1.112723
1.115627
1.128785
1.149332
1.158793
1.150730
1.153316
1.146215
1.144797
1.158797
1.165834
1.183121
1.201302
1.222099
1.226278
1.225770
1.229375
1.239670
1.246375
1.266509
1.270399
1.265007
1.272567
1.270885
1.261474
1.264878
1.245856
1.238401
1.239212
1.239931
1.250073
1.256441
1.264751
1.287657
1.296836
1.299454
1.295874
1.315319
1.331833
1.341729
1.350849
1.356236
1.358981
1.366931
1.387638
1.389785
1.409103
1.406761
1.418512
1.423711
1.423055
1.460503
1.455992
1.472843
1.486452
1.496678
1.520270
1.537192
1.543144
1.540768
1.545901
1.563608
1.568023
1.576207
1.572715
1.560780
1.574911
1.579820
1.591124
1.601156
1.607784
1.628096
1.629560
1.638242
1.634659
1.643361
1.664596
1.687476
1.695336
1.700348
1.710494
1.718273
1.728912
1.733463
1.749666
1.757229
1.755081
1.752274
1.762930
1.782552
1.801669
1.809521
1.815184
1.817173
1.830891
1.825874
1.828215
1.804735
1.815247
1.819226
1.822423
1.831773
1.835136
1.842353
1.847205
1.862668
1.850547
1.866206
1.879096
1.889156
1.900194
1.904645
1.908266
1.911684
1.908915
1.916685
1.916463
1.926654
1.938000
1.944509
1.946810
1.952811
0.314941
0.316115
0.343738
0.342476
0.336891
0.354928
0.365530
0.380374
0.366437
0.336835
0.319665
0.287416
0.268688
0.265380
0.301288
0.301380
0.333341
0.345489
0.345904
0.357238
0.348958
0.355939
0.365394
0.350500
0.362404
0.338350
0.312839
0.329768
0.337504
0.346112
0.356146
0.366560
0.361651
0.381986
0.387733
0.411025
0.416694
0.417548
0.432674
0.417336
0.402846
0.377596
0.361164
0.356835
0.319999
0.305858
0.286726
0.294211
0.299832
0.301043
0.305685
0.326831
0.331966
0.339037
0.339262
0.342627
0.357249
0.373753
0.388919
0.388095
0.383412
0.375214
0.384205
0.380487
0.374699
0.370119
0.383796
0.395801
0.378217
0.380716
0.380100
0.404478
0.434397
0.417130
0.425262
0.440074
0.440936
0.438489
0.454657
0.440288
0.452736
0.454679
0.420762
0.403338
0.403921
0.389681
0.409355
0.433479
0.436972
0.451682
0.447039
0.474842
0.463885
0.480957
0.495052
0.501476
0.503961
0.504085
0.510481
0.516985
0.526979
0.516038
0.533193
0.538193
0.529418
0.513145
0.517682
0.544399
0.554164
0.554357
0.564146
0.565753
0.585133
0.588192
0.589543
0.548246
0.524833
0.533868
0.541978
0.557080
0.552813
0.534383
0.536724
0.542652
0.542932
0.554869
0.573297
0.576384
0.603832
0.586500
0.599582
0.601151
0.578587
0.584416
0.576914
0.572432
0.557854
0.582153
0.568013
0.556067
0.227934
0.231009
0.229703
0.228835
0.227262
0.228503
0.228011
0.225887
0.225735
0.222802
0.220080
0.216737
0.212381
0.210533
0.212128
0.215113
0.216425
0.217827
0.216895
0.216052
0.216338
0.216440
0.219310
0.221798
0.224662
0.224624
0.223812
0.223481
0.222467
0.224357
0.224997
0.226991
0.229227
0.227670
0.228425
0.232873
0.235130
0.234572
0.236650
0.237402
0.234789
0.235923
0.234829
0.229980
0.227225
0.225216
0.224202
0.224272
0.223900
0.222646
0.221816
0.220363
0.222417
0.221333
0.221922
0.224855
0.225693
0.228137
0.230470
0.230998
0.231843
0.234643
0.234143
0.234162
0.234286
0.232395
0.232590
0.231209
0.232752
0.232459
0.231068
0.232276
0.232399
0.232017
0.230796
0.231670
0.231845
0.232355
0.234997
0.238131
0.237786
0.238435
0.239150
0.234217
0.232559
0.231916
0.230877
0.230319
0.232389
0.231185
0.232085
0.233297
0.236158
0.234704
0.234326
0.235375
0.236186
0.235961
0.234989
0.237227
0.239236
0.239873
0.240371
0.239697
0.237461
0.240199
0.241447
0.241788
0.239307
0.241810
0.241295
0.242865
0.243425
0.244070
0.245244
0.242572
0.240738
0.237265
0.235600
0.237137
0.237451
0.239626
0.240341
0.241622
0.242231
0.240605
0.242332
0.243378
0.241210
0.239454
0.237341
0.237076
0.235442
0.235610
0.236389
0.234986
0.234878
0.235785
0.234958
0.234226
0.210584
0.206429
0.179342
0.195784
0.195357
0.180978
0.182434
0.160682
0.159641
0.184266
0.182498
0.192555
0.196663
0.198133
0.196036
0.206920
0.196998
0.199524
0.206148
0.195046
0.210496
0.213332
0.197099
0.199466
0.196907
0.204324
0.217976
0.217396
0.217801
0.226778
0.226018
0.226141
0.236071
0.219611
0.219024
0.202827
0.195837
0.211216
0.192971
0.202602
0.212142
0.233533
0.232350
0.237166
0.247713
0.255938
0.264125
0.257043
0.255374
0.252678
0.255093
0.253152
0.262957
0.253644
0.249035
0.255814
0.258538
0.249112
0.235394
0.231243
0.234638
0.242033
0.247906
0.260209
0.272552
0.277130
0.274363
0.264741
0.273486
0.297378
0.284174
0.276344
0.250608
0.261653
0.262434
0.263323
0.255213
0.250105
0.243536
0.268317
0.276060
0.276085
0.296876
0.296091
0.310782
0.324613
0.324287
0.303132
0.304994
0.295562
0.290671
0.271879
0.277190
0.263680
0.266402
0.269995
0.270648
0.271773
0.269053
0.269008
0.278092
0.289345
0.290918
0.296687
0.295648
0.301956
0.311380
0.302369
0.298382
0.297295
0.286483
0.279736
0.277986
0.299668
0.327427
0.354339
0.372252
0.333002
0.321305
0.314709
0.332822
0.372821
0.380448
0.384003
0.368138
0.376934
0.377733
0.373416
0.340570
0.357745
0.334362
0.328442
0.351136
0.353438
0.352057
0.363111
0.381302
0.347229
0.357956
0.364724
0.604895
0.605107
0.606018
0.605819
0.611434
0.618057
0.622101
0.615230
0.611039
0.618523
0.624023
0.623643
0.624257
0.620368
0.617772
0.618449
0.618938
0.612217
0.611219
0.613806
0.620343
0.631579
0.646820
0.649784
0.643475
0.651253
0.660371
0.659160
0.658468
0.658865
0.667723
0.678010
0.676721
0.672618
0.671448
0.675185
0.683074
0.687927
0.694337
0.693852
0.705628
0.706863
0.713088
0.715419
0.720122
0.718138
0.729080
0.729421
0.735896
0.744253
0.746657
0.752462
0.748512
0.753576
0.754408
0.764898
0.765851
0.769391
0.777331
0.787436
0.791512
0.800016
0.806883
0.800951
0.814052
0.811424
0.812847
0.815559
0.822752
0.836169
0.844658
0.846560
0.856604
0.872151
0.887136
0.889188
0.901406
0.907576
0.905487
0.915272
0.902888
0.909373
0.917953
0.922723
0.923016
0.928790
0.922964
0.930797
0.933062
0.948279
0.958126
0.958312
0.959577
0.964587
0.970036
0.983315
0.987847
0.991129
0.997322
0.998595
0.991152
0.994796
0.993186
0.990218
0.996449
1.002591
1.000189
1.003299
1.016875
1.024513
1.030084
1.035787
1.032161
1.004511
0.980192
0.970282
0.986144
1.017546
1.023558
1.024532
1.014560
1.001277
0.996367
1.002507
1.004335
1.002031
0.998409
1.010926
1.028264
1.033178
1.046619
1.054362
1.051785
1.052373
1.060648
1.065099
1.073432
1.089251
1.095002
1.106074
0.562033
0.562696
0.563771
0.562561
0.568871
0.574344
0.576529
0.569368
0.565607
0.573272
0.580176
0.581505
0.583181
0.579028
0.572958
0.572178
0.570173
0.562208
0.560671
0.563343
0.569332
0.580061
0.596300
0.600764
0.594004
0.603541
0.613983
0.611633
0.610529
0.610231
0.619139
0.629398
0.628556
0.624173
0.622619
0.625818
0.633845
0.637745
0.644755
0.645069
0.657579
0.659756
0.667960
0.670876
0.678145
0.676605
0.688361
0.688678
0.694866
0.702720
0.703973
0.707675
0.701912
0.706774
0.707577
0.716878
0.716046
0.718864
0.726537
0.736898
0.740931
0.749684
0.755527
0.749089
0.761851
0.759511
0.760353
0.763168
0.771353
0.782408
0.791718
0.792021
0.801447
0.817896
0.832574
0.833796
0.846995
0.852174
0.847708
0.855003
0.839228
0.845444
0.855077
0.861350
0.860208
0.865526
0.857482
0.864545
0.865818
0.880852
0.891850
0.891522
0.893584
0.898724
0.903142
0.916004
0.920727
0.924491
0.930960
0.932280
0.923840
0.928080
0.925555
0.922349
0.930015
0.937173
0.933868
0.935785
0.949123
0.957869
0.964555
0.971684
0.967773
0.938015
0.911246
0.902151
0.918163
0.952357
0.959140
0.959984
0.949502
0.935148
0.930032
0.936012
0.939476
0.934403
0.928066
0.939356
0.955791
0.960400
0.974323
0.982091
0.979192
0.978831
0.987492
0.991111
0.998844
1.015128
1.020841
1.032020
