0.16333653813878943
0.4413795586280015
-0.15183776607533242
-1.7715312214744148
1.0065849290171949
0.0017264264341358766
-0.009066814648014176
-0.0005802466233311961
0.012776563247587677
0.9634349101232665
0.0005490502978344857
-0.2670528357312139
0.07228556325503463
0.0029587257970877
0.9744022607587107
-0.30372709445602364
0.04844199093320039
0.0195023030370774
0.001768951616128564
0.7816734649374346
0.010290596533824015
0.0038835099872429092
-0.002118186160488139
0.005438144994460769
0.005596881312748229
-0.004284528593573853
0.004851754763930017
0.003435697289908463
-0.023819723998119387
0.03836226278717053
